0 41 2 26 90 80 68 83
41 0 56 78 1 45 31 79
2 56 0 71 7 14 41 61
26 78 71 0 21 7 60 52
90 1 7 21 0 39 22 89
80 45 14 7 39 0 22 2
68 31 41 60 22 22 0 86
83 79 61 52 89 2 86 0
