0 43 56 65 74 19 1 38
43 0 77 46 86 41 66 13
56 77 0 77 97 79 71 29
65 46 77 0 93 34 62 53
74 86 97 93 0 4 90 18
19 41 79 34 4 0 50 32
1 66 71 62 90 50 0 34
38 13 29 53 18 32 34 0
