0 76 1 58 66 28 10 74
76 0 23 91 41 43 62 1
1 23 0 76 54 30 24 26
58 91 76 0 19 74 75 29
66 41 54 19 0 38 95 74
28 43 30 74 38 0 25 53
10 62 24 75 95 25 0 31
74 1 26 29 74 53 31 0
