0 66 29 58 73 55 69 18
66 0 40 8 60 35 31 57
29 40 0 72 22 2 72 47
58 8 72 0 28 50 62 5
73 60 22 28 0 32 15 59
55 35 2 50 32 0 73 24
69 31 72 62 15 73 0 38
18 57 47 5 59 24 38 0
