0 28 5 42 60 1 62 2
28 0 52 68 88 45 36 20
5 52 0 78 22 22 57 97
42 68 78 0 29 97 52 77
60 88 22 29 0 56 73 28
1 45 22 97 56 0 97 83
62 36 57 52 73 97 0 29
2 20 97 77 28 83 29 0
