0 97 94 57 55 89 75 57
97 0 86 4 36 11 16 29
94 86 0 54 30 80 36 6
57 4 54 0 28 11 60 62
55 36 30 28 0 50 19 47
89 11 80 11 50 0 97 93
75 16 36 60 19 97 0 66
57 29 6 62 47 93 66 0
