0 88 86 86 79 32 9 1
88 0 64 29 17 27 45 7
86 64 0 50 86 53 69 57
86 29 50 0 20 73 80 72
79 17 86 20 0 42 78 40
32 27 53 73 42 0 9 1
9 45 69 80 78 9 0 93
1 7 57 72 40 1 93 0
